  0.006     1.22E-24
  0.007     4.83E-23
  0.008     1.00E-21
  0.009     1.30E-20
  0.010     1.18E-19
  0.011     8.15E-19
  0.012     4.49E-18
  0.013     2.06E-17
  0.014     8.17E-17
  0.015     2.85E-16
  0.016     8.96E-16
  0.018     6.78E-15
  0.020     3.88E-14
  0.025     1.28E-12
  0.030     1.83E-11
  0.040     8.86E-10
  0.050     1.40E-08
  0.060     1.14E-07
  0.070     6.13E-07
  0.080     2.45E-06
  0.090     7.93E-06
  0.100     2.18E-05
  0.110     5.29E-05
  0.120     1.16E-04
  0.130     2.36E-04
  0.140     4.49E-04
  0.150     8.08E-04
  0.160     1.39E-03
  0.180     3.67E-03
  0.200     8.66E-03
  0.250     5.50E-02
  0.300     2.78E-01
  0.350     1.15E+00
  0.400     3.81E+00
  0.450     1.02E+01
  0.500     2.28E+01
  0.600     7.67E+01
  0.700     1.81E+02
  0.800     3.38E+02
  0.900     5.42E+02
  1.000     7.80E+02
  1.250     1.44E+03
  1.500     2.08E+03
  1.750     2.62E+03
  2.000     3.02E+03
  2.500     3.56E+03
  3.000     3.80E+03
  3.500     3.90E+03
  4.000     3.94E+03
  5.000     3.88E+03
  6.000     3.81E+03
  7.000     3.69E+03
  8.000     3.64E+03
  9.000     3.52E+03
 10.000     3.55E+03
