  0.008     4.61E-75
  0.009     1.83E-71
  0.010     2.32E-68
  0.011     1.19E-65
  0.012     3.01E-63
  0.013     4.23E-61
  0.014     3.66E-59
  0.015     2.11E-57
  0.016     8.61E-56
  0.018     6.09E-53
  0.020     1.74E-50
  0.025     1.45E-45
  0.030     8.21E-42
  0.040     2.43E-36
  0.050     1.89E-32
  0.060     1.75E-29
  0.070     4.10E-27
  0.080     3.69E-25
  0.090     1.65E-23
  0.100     4.35E-22
  0.110     7.60E-21
  0.120     9.54E-20
  0.130     9.15E-19
  0.140     7.02E-18
  0.150     4.46E-17
  0.160     2.42E-16
  0.180     4.80E-15
  0.200     6.26E-14
  0.250     1.05E-11
  0.300     5.08E-10
  0.350     1.09E-08
  0.400     1.34E-07
  0.450     1.09E-06
  0.500     6.57E-06
  0.600     1.30E-04
  0.700     1.50E-03
  0.800     1.17E-02
  0.900     6.58E-02
  1.000     2.80E-01
  1.250     4.36E+00
  1.500     3.01E+01
  1.750     1.26E+02
  2.000     3.83E+02
  2.500     1.91E+03
  3.000     5.89E+03
  3.500     1.36E+04
  4.000     2.63E+04
  5.000     6.95E+04
  6.000     1.40E+05
  7.000     2.39E+05
  8.000     3.66E+05
  9.000     5.22E+05
 10.000     7.04E+05
