  0.010     1.50E-34
  0.011     4.57E-33
  0.012     1.40E-31
  0.013     4.26E-30
  0.014     1.30E-28
  0.015     3.96E-27
  0.016     2.78E-26
  0.018     1.37E-24
  0.020     6.77E-23
  0.025     1.02E-20
  0.030     1.53E-18
  0.040     2.29E-15
  0.050     3.12E-13
  0.060     8.69E-12
  0.070     1.04E-10
  0.080     7.92E-10
  0.090     4.66E-09
  0.100     2.28E-08
  0.110     9.17E-08
  0.120     3.69E-07
  0.130     1.48E-06
  0.140     5.97E-06
  0.150     2.40E-05
  0.160     6.80E-05
  0.180     5.46E-04
  0.200     4.38E-03
  0.250     6.88E-02
  0.300     1.08E+00
  0.350     4.23E+00
  0.400     1.66E+01
  0.450     3.73E+01
  0.500     8.38E+01
  0.600     2.43E+02
  0.700     5.16E+02
  0.800     8.99E+02
  0.900     1.38E+03
  1.000     1.94E+03
  1.250     3.23E+03
  1.500     5.39E+03
  1.750     7.14E+03
  2.000     9.46E+03
  2.500     1.36E+04
  3.000     1.97E+04
  3.500     2.64E+04
  4.000     3.55E+04
  5.000     5.27E+04
  6.000     6.93E+04
  7.000     8.27E+04
  8.000     9.21E+04
  9.000     9.81E+04
 10.000     9.89E+04
