  0.080     8.98E-01
  0.090     3.72E+00
  0.100     6.19E+00
  0.110     8.34E+00
  0.120     1.02E+01
  0.130     1.18E+01
  0.140     1.32E+01
  0.150     1.44E+01
  0.160     1.55E+01
  0.180     1.73E+01
  0.200     1.89E+01
  0.250     2.38E+01
  0.300     3.35E+01
  0.350     5.21E+01
  0.400     8.39E+01
  0.450     1.33E+02
  0.500     2.04E+02
  0.600     4.27E+02
  0.700     7.86E+02
  0.800     1.31E+03
  0.900     2.03E+03
  1.000     2.96E+03
  1.250     6.39E+03
  1.500     1.16E+04
  1.750     1.89E+04
  2.000     2.89E+04
  2.500     6.05E+04
  3.000     1.17E+05
  3.500     2.14E+05
  4.000     3.71E+05
  5.000     9.51E+05
  6.000     2.07E+06
  7.000     3.98E+06
  8.000     7.04E+06
  9.000     1.17E+07
 10.000     1.83E+07
