  0.010     4.40E-25
  0.011     1.41E-24
  0.012     4.50E-24
  0.013     1.44E-23
  0.014     4.60E-23
  0.015     1.47E-22
  0.016     2.67E-22
  0.018     8.82E-22
  0.020     2.91E-21
  0.025     1.66E-19
  0.030     9.41E-18
  0.040     4.49E-13
  0.050     3.57E-10
  0.060     2.92E-08
  0.070     6.56E-07
  0.080     6.58E-06
  0.090     3.87E-05
  0.100     1.57E-04
  0.110     3.58E-04
  0.120     8.16E-04
  0.130     1.86E-03
  0.140     4.25E-03
  0.150     9.68E-03
  0.160     1.57E-02
  0.180     4.12E-02
  0.200     1.08E-01
  0.250     6.71E-01
  0.300     4.17E+00
  0.350     1.15E+01
  0.400     3.18E+01
  0.450     5.78E+01
  0.500     1.05E+02
  0.600     2.36E+02
  0.700     4.33E+02
  0.800     7.03E+02
  0.900     1.06E+03
  1.000     1.50E+03
  1.250     2.73E+03
  1.500     4.94E+03
  1.750     6.81E+03
  2.000     9.40E+03
  2.500     1.17E+04
  3.000     1.45E+04
  3.500     1.61E+04
  4.000     1.78E+04
  5.000     2.07E+04
  6.000     2.35E+04
  7.000     2.61E+04
  8.000     2.76E+04
  9.000     2.79E+04
 10.000     2.73E+04
