  0.100     9.90E-25
  0.110     3.05E-23
  0.120     5.24E-22
  0.130     5.77E-21
  0.140     4.52E-20
  0.150     2.73E-19
  0.160     1.38E-18
  0.180     2.96E-17
  0.200     6.04E-16
  0.250     3.12E-13
  0.300     2.56E-11
  0.350     6.58E-10
  0.400     7.89E-09
  0.450     5.56E-08
  0.500     2.67E-07
  0.600     2.80E-06
  0.700     1.49E-05
  0.800     5.30E-05
  0.900     1.49E-04
  1.000     3.63E-04
  1.250     2.41E-03
  1.500     1.57E-02
  1.750     7.61E-02
  2.000     2.90E-01
  2.500     2.33E+00
  3.000     1.07E+01
  3.500     3.44E+01
  4.000     8.75E+01
  5.000     3.65E+02
  6.000     1.00E+03
  7.000     2.11E+03
  8.000     3.64E+03
  9.000     5.45E+03
 10.000     7.23E+03
