  0.009     1.27E-25
  0.010     1.71E-24
  0.011     1.65E-23
  0.012     1.23E-22
  0.013     7.46E-22
  0.014     3.80E-21
  0.015     1.68E-20
  0.016     6.63E-20
  0.018     8.71E-19
  0.020     1.35E-17
  0.025     1.13E-14
  0.030     1.37E-12
  0.040     5.23E-10
  0.050     1.73E-08
  0.060     1.69E-07
  0.070     8.34E-07
  0.080     2.69E-06
  0.090     6.59E-06
  0.100     1.35E-05
  0.110     2.47E-05
  0.120     4.33E-05
  0.130     7.63E-05
  0.140     1.38E-04
  0.150     2.54E-04
  0.160     4.63E-04
  0.180     1.40E-03
  0.200     3.60E-03
  0.250     2.85E-02
  0.300     3.55E-01
  0.350     3.66E+00
  0.400     2.25E+01
  0.450     9.23E+01
  0.500     2.84E+02
  0.600     1.51E+03
  0.700     4.93E+03
  0.800     1.19E+04
  0.900     2.37E+04
  1.000     4.11E+04
  1.250     1.13E+05
  1.500     2.34E+05
  1.750     4.16E+05
  2.000     6.69E+05
  2.500     1.43E+06
  3.000     2.54E+06
  3.500     3.94E+06
  4.000     5.56E+06
  5.000     9.67E+06
  6.000     1.47E+07
  7.000     2.05E+07
  8.000     2.66E+07
  9.000     3.31E+07
 10.000     3.93E+07
