  0.070     1.53E-24
  0.080     5.08E-23
  0.090     9.20E-22
  0.100     2.73E-20
  0.110     1.09E-18
  0.120     2.72E-17
  0.130     4.20E-16
  0.140     4.36E-15
  0.150     3.29E-14
  0.160     1.92E-13
  0.180     3.62E-12
  0.200     3.79E-11
  0.250     2.95E-09
  0.300     7.33E-08
  0.350     9.38E-07
  0.400     7.16E-06
  0.450     3.63E-05
  0.500     1.35E-04
  0.600     9.74E-04
  0.700     3.94E-03
  0.800     1.11E-02
  0.900     2.46E-02
  1.000     4.63E-02
  1.250     1.51E-01
  1.500     4.34E-01
  1.750     1.42E+00
  2.000     4.71E+00
  2.500     3.27E+01
  3.000     1.27E+02
  3.500     3.34E+02
  4.000     6.81E+02
  5.000     1.81E+03
  6.000     3.33E+03
  7.000     5.69E+03
  8.000     8.48E+03
  9.000     1.14E+04
 10.000     1.44E+04
