  0.010     6.31E-71
  0.011     1.27E-68
  0.012     1.40E-66
  0.013     9.41E-65
  0.014     4.18E-63
  0.015     1.34E-61
  0.016     3.17E-60
  0.018     8.54E-58
  0.020     1.01E-55
  0.025     1.42E-51
  0.030     1.12E-47
  0.040     4.25E-41
  0.050     8.86E-37
  0.060     1.07E-33
  0.070     2.71E-31
  0.080     8.21E-29
  0.090     2.14E-26
  0.100     2.04E-24
  0.110     8.34E-23
  0.120     1.83E-21
  0.130     2.41E-20
  0.140     2.17E-19
  0.150     1.44E-18
  0.160     7.45E-18
  0.180     1.12E-16
  0.200     9.51E-16
  0.250     3.97E-14
  0.300     4.32E-13
  0.350     2.22E-12
  0.400     7.18E-12
  0.450     1.71E-11
  0.500     3.34E-11
  0.600     8.37E-11
  0.700     1.52E-10
  0.800     2.24E-10
  0.900     2.87E-10
  1.000     3.47E-10
  1.250     4.24E-10
  1.500     4.47E-10
  1.750     4.24E-10
  2.000     3.88E-10
  2.500     3.11E-10
  3.000     2.42E-10
  3.500     1.87E-10
  4.000     1.47E-10
  5.000     9.60E-11
  6.000     6.51E-11
  7.000     4.68E-11
  8.000     3.42E-11
  9.000     2.64E-11
 10.000     2.09E-11
