  0.010     5.78E-37
  0.011     1.74E-35
  0.012     5.22E-34
  0.013     1.57E-32
  0.014     4.72E-31
  0.015     1.42E-29
  0.016     1.86E-28
  0.018     3.20E-26
  0.020     5.50E-24
  0.025     3.20E-21
  0.030     1.86E-18
  0.040     1.09E-15
  0.050     6.38E-14
  0.060     1.35E-12
  0.070     2.64E-11
  0.080     6.27E-10
  0.090     9.84E-09
  0.100     9.30E-08
  0.110     3.57E-07
  0.120     1.37E-06
  0.130     5.26E-06
  0.140     2.02E-05
  0.150     7.76E-05
  0.160     1.56E-04
  0.180     6.26E-04
  0.200     2.52E-03
  0.250     1.98E-02
  0.300     1.56E-01
  0.350     5.42E-01
  0.400     1.88E+00
  0.450     4.13E+00
  0.500     9.07E+00
  0.600     2.59E+01
  0.700     5.41E+01
  0.800     1.11E+02
  0.900     2.00E+02
  1.000     3.21E+02
  1.250     6.87E+02
  1.500     1.47E+03
  1.750     2.21E+03
  2.000     3.31E+03
  2.500     5.06E+03
  3.000     7.75E+03
  3.500     9.64E+03
  4.000     1.20E+04
  5.000     1.57E+04
  6.000     1.90E+04
  7.000     2.18E+04
  8.000     2.44E+04
  9.000     2.67E+04
 10.000     2.89E+04
