  0.010     2.65E-40
  0.011     1.56E-38
  0.012     9.18E-37
  0.013     5.40E-35
  0.014     3.18E-33
  0.015     1.87E-31
  0.016     2.75E-30
  0.018     5.96E-28
  0.020     1.29E-25
  0.025     1.00E-22
  0.030     7.85E-20
  0.040     6.08E-17
  0.050     3.39E-15
  0.060     5.03E-14
  0.070     3.48E-13
  0.080     1.59E-12
  0.090     7.03E-12
  0.100     3.79E-11
  0.110     1.42E-10
  0.120     5.29E-10
  0.130     1.98E-09
  0.140     7.39E-09
  0.150     2.76E-08
  0.160     5.53E-08
  0.180     2.21E-07
  0.200     8.88E-07
  0.250     2.48E-05
  0.300     6.94E-04
  0.350     5.98E-03
  0.400     5.15E-02
  0.450     1.87E-01
  0.500     6.81E-01
  0.600     3.86E+00
  0.700     1.37E+01
  0.800     3.68E+01
  0.900     8.39E+01
  1.000     1.72E+02
  1.250     6.83E+02
  1.500     2.71E+03
  1.750     6.81E+03
  2.000     1.71E+04
  2.500     5.17E+04
  3.000     1.56E+05
  3.500     3.02E+05
  4.000     5.83E+05
  5.000     1.66E+06
  6.000     3.78E+06
  7.000     7.35E+06
  8.000     1.20E+07
  9.000     1.68E+07
 10.000     1.96E+07
