  0.010     6.87E-37
  0.011     1.01E-35
  0.012     1.49E-34
  0.013     2.19E-33
  0.014     3.22E-32
  0.015     4.74E-31
  0.016     4.46E-30
  0.018     3.95E-28
  0.020     3.50E-26
  0.025     3.03E-23
  0.030     2.62E-20
  0.040     3.01E-17
  0.050     2.29E-15
  0.060     4.82E-14
  0.070     1.60E-12
  0.080     6.73E-11
  0.090     1.41E-09
  0.100     1.65E-08
  0.110     7.14E-08
  0.120     3.09E-07
  0.130     1.34E-06
  0.140     5.80E-06
  0.150     2.51E-05
  0.160     5.20E-05
  0.180     2.24E-04
  0.200     9.62E-04
  0.250     6.39E-03
  0.300     4.25E-02
  0.350     1.30E-01
  0.400     3.96E-01
  0.450     9.08E-01
  0.500     2.08E+00
  0.600     7.70E+00
  0.700     2.18E+01
  0.800     5.06E+01
  0.900     1.00E+02
  1.000     1.79E+02
  1.250     4.48E+02
  1.500     1.12E+03
  1.750     1.84E+03
  2.000     3.03E+03
  2.500     5.17E+03
  3.000     8.81E+03
  3.500     1.15E+04
  4.000     1.51E+04
  5.000     1.99E+04
  6.000     2.46E+04
  7.000     2.80E+04
  8.000     3.01E+04
  9.000     3.00E+04
 10.000     2.86E+04
