  0.040     8.36E-31
  0.050     5.20E-28
  0.060     6.90E-26
  0.070     3.42E-24
  0.080     8.40E-23
  0.090     1.26E-21
  0.100     1.29E-20
  0.110     9.80E-20
  0.120     5.92E-19
  0.130     2.93E-18
  0.140     1.24E-17
  0.150     4.58E-17
  0.160     1.51E-16
  0.180     1.24E-15
  0.200     7.58E-15
  0.250     2.79E-13
  0.300     4.28E-12
  0.350     3.75E-11
  0.400     2.22E-10
  0.450     9.90E-10
  0.500     3.59E-09
  0.600     2.95E-08
  0.700     1.57E-07
  0.800     6.19E-07
  0.900     1.97E-06
  1.000     5.32E-06
  1.250     3.95E-05
  1.500     1.91E-04
  1.750     7.20E-04
  2.000     2.29E-03
  2.500     1.54E-02
  3.000     6.81E-02
  3.500     2.21E-01
  4.000     5.86E-01
  5.000     2.91E+00
  6.000     1.07E+01
  7.000     3.08E+01
  8.000     7.08E+01
  9.000     1.37E+02
 10.000     2.32E+02
