  0.007     2.00E-22
  0.008     4.15E-21
  0.009     5.39E-20
  0.010     4.90E-19
  0.011     3.37E-18
  0.012     1.86E-17
  0.013     8.54E-17
  0.014     3.38E-16
  0.015     1.18E-15
  0.016     3.69E-15
  0.018     2.79E-14
  0.020     1.59E-13
  0.025     5.18E-12
  0.030     7.38E-11
  0.040     3.54E-09
  0.050     5.53E-08
  0.060     4.50E-07
  0.070     2.40E-06
  0.080     9.57E-06
  0.090     3.08E-05
  0.100     8.43E-05
  0.110     2.04E-04
  0.120     4.45E-04
  0.130     8.95E-04
  0.140     1.69E-03
  0.150     3.00E-03
  0.160     5.08E-03
  0.180     1.30E-02
  0.200     2.93E-02
  0.250     1.54E-01
  0.300     5.81E-01
  0.350     1.96E+00
  0.400     6.04E+00
  0.450     1.69E+01
  0.500     4.20E+01
  0.600     1.82E+02
  0.700     5.41E+02
  0.800     1.27E+03
  0.900     2.43E+03
  1.000     4.01E+03
  1.250     9.40E+03
  1.500     1.58E+04
  1.750     2.23E+04
  2.000     2.82E+04
  2.500     3.78E+04
  3.000     4.47E+04
  3.500     4.94E+04
  4.000     5.27E+04
  5.000     5.62E+04
  6.000     5.74E+04
  7.000     5.68E+04
  8.000     5.56E+04
  9.000     5.38E+04
 10.000     5.15E+04
