  0.040     5.34E-24
  0.050     3.24E-21
  0.060     4.19E-19
  0.070     2.00E-17
  0.080     4.80E-16
  0.090     6.99E-15
  0.100     6.99E-14
  0.110     5.24E-13
  0.120     3.12E-12
  0.130     1.55E-11
  0.140     6.57E-11
  0.150     2.44E-10
  0.160     8.12E-10
  0.180     6.77E-09
  0.200     4.21E-08
  0.250     1.70E-06
  0.300     3.14E-05
  0.350     3.57E-04
  0.400     2.88E-03
  0.450     1.76E-02
  0.500     8.42E-02
  0.600     1.06E+00
  0.700     7.18E+00
  0.800     3.18E+01
  0.900     1.04E+02
  1.000     2.75E+02
  1.250     1.73E+03
  1.500     6.74E+03
  1.750     1.99E+04
  2.000     4.84E+04
  2.500     1.87E+05
  3.000     4.88E+05
  3.500     9.81E+05
  4.000     1.66E+06
  5.000     3.86E+06
  6.000     7.02E+06
  7.000     1.10E+07
  8.000     1.60E+07
  9.000     2.16E+07
 10.000     2.80E+07
