  0.001     3.14E-50
  0.002     3.81E-38
  0.003     2.74E-32
  0.004     1.35E-28
  0.005     5.69E-26
  0.006     5.70E-24
  0.007     2.25E-22
  0.008     4.67E-21
  0.009     6.05E-20
  0.010     5.48E-19
  0.011     3.77E-18
  0.012     2.07E-17
  0.013     9.51E-17
  0.014     3.76E-16
  0.015     1.31E-15
  0.016     4.09E-15
  0.018     3.08E-14
  0.020     1.75E-13
  0.025     5.63E-12
  0.030     7.93E-11
  0.040     3.72E-09
  0.050     5.69E-08
  0.060     4.54E-07
  0.070     2.37E-06
  0.080     9.26E-06
  0.090     2.92E-05
  0.100     7.86E-05
  0.110     1.86E-04
  0.120     3.99E-04
  0.130     7.89E-04
  0.140     1.46E-03
  0.150     2.55E-03
  0.160     4.25E-03
  0.180     1.05E-02
  0.200     2.33E-02
  0.250     1.23E-01
  0.300     4.93E-01
  0.350     1.59E+00
  0.400     4.29E+00
  0.450     9.92E+00
  0.500     2.03E+01
  0.600     6.44E+01
  0.700     1.55E+02
  0.800     3.08E+02
  0.900     5.29E+02
  1.000     8.18E+02
  1.250     1.78E+03
  1.500     2.98E+03
  1.750     4.28E+03
  2.000     5.62E+03
  2.500     8.33E+03
  3.000     1.10E+04
  3.500     1.35E+04
  4.000     1.56E+04
  5.000     1.83E+04
  6.000     1.83E+04
  7.000     1.60E+04
  8.000     1.25E+04
  9.000     9.09E+03
 10.000     6.42E+03
