  0.013     4.13E-25
  0.014     2.59E-24
  0.015     1.37E-23
  0.016     6.27E-23
  0.018     9.28E-22
  0.020     9.45E-21
  0.025     9.86E-19
  0.030     3.41E-17
  0.040     5.95E-15
  0.050     2.34E-13
  0.060     3.84E-12
  0.070     3.60E-11
  0.080     2.28E-10
  0.090     1.10E-09
  0.100     4.31E-09
  0.110     1.47E-08
  0.120     4.52E-08
  0.130     1.30E-07
  0.140     3.56E-07
  0.150     9.55E-07
  0.160     2.52E-06
  0.180     1.62E-05
  0.200     8.67E-05
  0.250     2.14E-03
  0.300     1.89E-02
  0.350     8.86E-02
  0.400     2.78E-01
  0.450     6.90E-01
  0.500     1.50E+00
  0.600     5.39E+00
  0.700     1.59E+01
  0.800     3.90E+01
  0.900     7.90E+01
  1.000     1.41E+02
  1.250     3.84E+02
  1.500     7.26E+02
  1.750     9.86E+02
  2.000     1.28E+03
  2.500     1.83E+03
  3.000     2.42E+03
  3.500     3.11E+03
  4.000     3.79E+03
  5.000     5.30E+03
  6.000     7.07E+03
  7.000     9.13E+03
  8.000     1.14E+04
  9.000     1.40E+04
 10.000     1.69E+04
