  0.005     4.97e-25
  0.006     3.66e-23
  0.007     1.13e-21
  0.008     1.92e-20
  0.009     2.10e-19
  0.010     1.64e-18
  0.011     9.90e-18
  0.012     4.85e-17
  0.013     2.01e-16
  0.014     7.24e-16
  0.015     2.32e-15
  0.016     6.71e-15
  0.018     4.40e-14
  0.020     2.22e-13
  0.025     5.64e-12
  0.030     6.61e-11
  0.040     2.37e-09
  0.050     2.98e-08
  0.060     2.05e-07
  0.070     9.50e-07
  0.080     3.36e-06
  0.090     9.72e-06
  0.100     2.42e-05
  0.110     5.37e-05
  0.120     1.09e-04
  0.130     2.03e-04
  0.140     3.58e-04
  0.150     5.97e-04
  0.160     9.52e-04
  0.180     2.17e-03
  0.200     4.40e-03
  0.250     1.80e-02
  0.300     5.22e-02
  0.350     1.21e-01
  0.400     2.42e-01
  0.450     4.31e-01
  0.500     7.07e-01
  0.600     1.59e+00
  0.700     3.01e+00
  0.800     5.06e+00
  0.900     7.81e+00
  1.000     1.13e+01
  1.250     2.35e+01
  1.500     4.07e+01
  1.750     6.25e+01
  2.000     8.87e+01
  2.500     1.52e+02
  3.000     2.29e+02
  3.500     3.16e+02
  4.000     4.12e+02
  5.000     6.26e+02
  6.000     8.60e+02
  7.000     1.10e+03
  8.000     1.35e+03
  9.000     1.60e+03
 10.000     1.85e+03
