  0.003     2.91E-25
  0.004     5.76E-22
  0.005     1.27E-19
  0.006     7.75E-18
  0.007     2.06E-16
  0.008     3.08E-15
  0.009     3.02E-14
  0.010     2.16E-13
  0.011     1.20E-12
  0.012     5.51E-12
  0.013     2.14E-11
  0.014     7.29E-11
  0.015     2.22E-10
  0.016     6.12E-10
  0.018     3.69E-09
  0.020     1.73E-08
  0.025     3.81E-07
  0.030     4.01E-06
  0.040     1.22E-04
  0.050     1.38E-03
  0.060     8.70E-03
  0.070     3.77E-02
  0.080     1.26E-01
  0.090     3.48E-01
  0.100     8.33E-01
  0.110     1.78E+00
  0.120     3.49E+00
  0.130     6.37E+00
  0.140     1.09E+01
  0.150     1.78E+01
  0.160     2.79E+01
  0.180     6.14E+01
  0.200     1.21E+02
  0.250     4.65E+02
  0.300     1.29E+03
  0.350     2.90E+03
  0.400     5.62E+03
  0.450     9.81E+03
  0.500     1.58E+04
  0.600     3.44E+04
  0.700     6.37E+04
  0.800     1.05E+05
  0.900     1.60E+05
  1.000     2.30E+05
  1.250     4.68E+05
  1.500     7.96E+05
  1.750     1.21E+06
  2.000     1.70E+06
  2.500     2.90E+06
  3.000     4.32E+06
  3.500     5.95E+06
  4.000     7.75E+06
  5.000     1.18E+07
  6.000     1.63E+07
  7.000     2.12E+07
  8.000     2.63E+07
  9.000     3.15E+07
 10.000     3.68E+07
