  0.040     5.52E-63
  0.050     3.27E-52
  0.060     4.72E-45
  0.070     5.93E-40
  0.080     3.85E-36
  0.090     3.48E-33
  0.100     7.93E-31
  0.110     6.64E-29
  0.120     2.63E-27
  0.130     5.85E-26
  0.140     8.30E-25
  0.150     8.22E-24
  0.160     6.11E-23
  0.180     1.79E-21
  0.200     3.17E-20
  0.250     1.94E-17
  0.300     2.76E-15
  0.350     1.28E-13
  0.400     3.79E-12
  0.450     8.11E-11
  0.500     1.19E-09
  0.600     8.69E-08
  0.700     2.12E-06
  0.800     2.41E-05
  0.900     1.61E-04
  1.000     7.40E-04
  1.250     1.16E-02
  1.500     7.35E-02
  1.750     2.82E-01
  2.000     7.98E-01
  2.500     3.68E+00
  3.000     1.09E+01
  3.500     2.49E+01
  4.000     4.72E+01
  5.000     1.19E+02
  6.000     2.24E+02
  7.000     3.56E+02
  8.000     5.08E+02
  9.000     6.77E+02
 10.000     8.58E+02
