  0.020     5.27E-26
  0.025     7.75E-24
  0.030     1.14E-21
  0.040     6.26E-19
  0.050     1.06E-16
  0.060     1.51E-13
  0.070     4.41E-11
  0.080     3.05E-09
  0.090     8.04E-08
  0.100     1.09E-06
  0.110     5.05E-06
  0.120     2.34E-05
  0.130     1.09E-04
  0.140     5.03E-04
  0.150     2.33E-03
  0.160     4.89E-03
  0.180     2.16E-02
  0.200     9.52E-02
  0.250     5.56E-01
  0.300     3.25E+00
  0.350     7.43E+00
  0.400     1.70E+01
  0.450     2.71E+01
  0.500     4.32E+01
  0.600     7.85E+01
  0.700     1.19E+02
  0.800     1.61E+02
  0.900     2.05E+02
  1.000     2.51E+02
  1.250     3.59E+02
  1.500     5.14E+02
  1.750     6.61E+02
  2.000     8.50E+02
  2.500     1.32E+03
  3.000     2.03E+03
  3.500     2.61E+03
  4.000     3.34E+03
  5.000     4.68E+03
  6.000     5.99E+03
  7.000     7.30E+03
  8.000     8.63E+03
  9.000     1.00E+04
 10.000     1.15E+04
