  0.070     1.05e-26
  0.080     1.19E-24
  0.090     7.27E-23
  0.100     7.37E-21
  0.110     5.67E-19
  0.120     2.24E-17
  0.130     5.04E-16
  0.140     7.21E-15
  0.150     7.18E-14
  0.160     5.33E-13
  0.180     1.48E-11
  0.200     2.09E-10
  0.250     2.32E-08
  0.300     5.10E-07
  0.350     4.47E-06
  0.400     2.22E-05
  0.450     7.58E-05
  0.500     2.00E-04
  0.600     8.73E-04
  0.700     2.83E-03
  0.800     8.75E-03
  0.900     2.71E-02
  1.000     7.81E-02
  1.250     6.57E-01
  1.500     2.90E+00
  1.750     8.36E+00
  2.000     1.88E+01
  2.500     5.14E+01
  3.000     1.05E+02
  3.500     1.81E+02
  4.000     2.77E+02
  5.000     5.30E+02
  6.000     8.59E+02
  7.000     1.26E+03
  8.000     1.75E+03
  9.000     2.31E+03
 10.000     3.01E+03
