  0.005     7.12E-26
  0.006     1.24E-23
  0.007     7.59E-22
  0.008     2.27E-20
  0.009     4.01E-19
  0.010     4.76E-18
  0.011     4.14E-17
  0.012     2.81E-16
  0.013     1.56E-15
  0.014     7.31E-15
  0.015     2.98E-14
  0.016     1.08E-13
  0.018     1.04E-12
  0.020     7.39E-12
  0.025     3.74E-10
  0.030     7.48E-09
  0.040     5.87E-07
  0.050     1.31E-05
  0.060     1.45E-04
  0.070     1.00E-03
  0.080     5.04E-03
  0.090     1.99E-02
  0.100     6.53E-02
  0.110     1.87E-01
  0.120     4.77E-01
  0.130     1.12E+00
  0.140     2.44E+00
  0.150     4.97E+00
  0.160     9.75E+00
  0.180     3.28E+01
  0.200     9.64E+01
  0.250     8.80E+02
  0.300     4.66E+03
  0.350     1.66E+04
  0.400     4.48E+04
  0.450     9.86E+04
  0.500     1.88E+05
  0.600     4.91E+05
  0.700     9.85E+05
  0.800     1.64E+06
  0.900     2.35E+06
  1.000     3.37E+06
  1.250     6.20E+06
  1.500     9.71E+06
  1.750     1.34E+07
  2.000     1.77E+07
  2.500     2.59E+07
  3.000     3.81E+07
  3.500     5.13E+07
  4.000     6.52E+07
  5.000     9.43E+07
  6.000     1.25E+08
  7.000     1.55E+08
  8.000     1.86E+08
  9.000     2.17E+08
 10.000     2.47E+08
