  0.007     7.01E-25
  0.008     2.08E-23
  0.009     3.67E-22
  0.010     4.33E-21
  0.011     3.75E-20
  0.012     2.54E-19
  0.013     1.40E-18
  0.014     6.55E-18
  0.015     2.66E-17
  0.016     9.56E-17
  0.018     9.22E-16
  0.020     6.50E-15
  0.025     3.25E-13
  0.030     6.41E-12
  0.040     4.96E-10
  0.050     1.09E-08
  0.060     1.16E-07
  0.070     7.64E-07
  0.080     3.63E-06
  0.090     1.36E-05
  0.100     4.23E-05
  0.110     1.15E-04
  0.120     2.78E-04
  0.130     6.16E-04
  0.140     1.27E-03
  0.150     2.46E-03
  0.160     4.53E-03
  0.180     1.35E-02
  0.200     3.52E-02
  0.250     2.44E-01
  0.300     1.05E+00
  0.350     3.17E+00
  0.400     7.48E+00
  0.450     1.49E+01
  0.500     2.58E+01
  0.600     5.90E+01
  0.700     1.07E+02
  0.800     1.68E+02
  0.900     2.46E+02
  1.000     3.50E+02
  1.250     7.96E+02
  1.500     1.67E+03
  1.750     3.09E+03
  2.000     5.05E+03
  2.500     1.00E+04
  3.000     1.55E+04
  3.500     2.06E+04
  4.000     2.27E+04
  5.000     2.61E+04
  6.000     2.86E+04
  7.000     3.06E+04
  8.000     3.23E+04
  9.000     3.37E+04
 10.000     3.51E+04
