  0.010     5.67E-30
  0.011     6.57E-29
  0.012     7.60E-28
  0.013     8.80E-27
  0.014     1.02E-25
  0.015     1.18E-24
  0.016     4.70E-24
  0.018     7.45E-23
  0.020     1.18E-21
  0.025     1.10E-19
  0.030     1.02E-17
  0.040     3.81E-15
  0.050     2.78E-13
  0.060     8.71E-12
  0.070     3.65E-10
  0.080     7.77E-09
  0.090     8.85E-08
  0.100     6.27E-07
  0.110     2.14E-06
  0.120     7.29E-06
  0.130     2.49E-05
  0.140     8.48E-05
  0.150     2.89E-04
  0.160     6.34E-04
  0.180     3.05E-03
  0.200     1.47E-02
  0.250     1.51E-01
  0.300     1.55E+00
  0.350     5.30E+00
  0.400     1.81E+01
  0.450     4.25E+01
  0.500     1.00E+02
  0.600     4.10E+02
  0.700     1.27E+03
  0.800     3.15E+03
  0.900     6.55E+03
  1.000     1.20E+04
  1.250     3.32E+04
  1.500     9.22E+04
  1.750     1.70E+05
  2.000     3.15E+05
  2.500     6.90E+05
  3.000     1.51E+06
  3.500     2.48E+06
  4.000     4.09E+06
  5.000     8.50E+06
  6.000     1.51E+07
  7.000     2.39E+07
  8.000     3.37E+07
  9.000     4.22E+07
 10.000     4.70E+07
