  0.150     2.26E-25
  0.160     8.19E-24
  0.180     4.13E-21
  0.200     6.05E-19
  0.250     4.60E-15
  0.300     1.69E-12
  0.350     1.11E-10
  0.400     2.51E-09
  0.450     2.77E-08
  0.500     1.87E-07
  0.600     3.21E-06
  0.700     2.45E-05
  0.800     1.17E-04
  0.900     4.26E-04
  1.000     1.31E-03
  1.250     2.32E-02
  1.500     1.81E-01
  1.750     8.52E-01
  2.000     2.89E+00
  2.500     1.77E+01
  3.000     6.39E+01
  3.500     1.68E+02
  4.000     3.59E+02
  5.000     1.07E+03
  6.000     2.25E+03
  7.000     3.82E+03
  8.000     5.80E+03
  9.000     8.00E+03
 10.000     1.06E+04
