  0.011     3.88E-75
  0.012     1.51E-74
  0.013     3.14E-70
  0.014     3.86E-68
  0.015     3.06E-66
  0.016     1.67E-64
  0.018     1.98E-61
  0.020     8.83E-59
  0.025     1.79E-53
  0.030     2.00E-49
  0.040     1.58E-43
  0.050     2.47E-39
  0.060     3.88E-36
  0.070     1.38E-33
  0.080     1.75E-31
  0.090     1.05E-29
  0.100     3.55E-28
  0.110     7.72E-27
  0.120     1.17E-25
  0.130     1.34E-24
  0.140     1.20E-23
  0.150     8.77E-23
  0.160     5.41E-22
  0.180     1.35E-20
  0.200     2.15E-19
  0.250     5.41E-17
  0.300     3.62E-15
  0.350     1.02E-13
  0.400     1.60E-12
  0.450     1.62E-11
  0.500     1.19E-10
  0.600     3.09E-09
  0.700     4.10E-08
  0.800     3.44E-07
  0.900     2.08E-06
  1.000     9.82E-06
  1.250     2.20E-04
  1.500     2.20E-03
  1.750     1.27E-02
  2.000     5.08E-02
  2.500     4.07E-01
  3.000     1.88E+00
  3.500     6.23E+00
  4.000     1.65E+01
  5.000     7.27E+01
  6.000     2.16E+02
  7.000     4.99E+02
  8.000     9.68E+02
  9.000     1.66E+03
 10.000     2.59E+03
