  0.011     1.08E-27
  0.012     1.15E-26
  0.013     9.41E-26
  0.014     6.28E-25
  0.015     3.52E-24
  0.016     1.70E-23
  0.018     2.75E-22
  0.020     3.01E-21
  0.025     3.61E-19
  0.030     1.37E-17
  0.040     2.72E-15
  0.050     1.15E-13
  0.060     2.00E-12
  0.070     1.94E-11
  0.080     1.26E-10
  0.090     6.15E-10
  0.100     2.40E-09
  0.110     7.87E-09
  0.120     2.25E-08
  0.130     5.74E-08
  0.140     1.34E-07
  0.150     2.88E-07
  0.160     5.80E-07
  0.180     2.01E-06
  0.200     5.91E-06
  0.250     5.50E-05
  0.300     3.32E-04
  0.350     1.42E-03
  0.400     4.60E-03
  0.450     1.19E-02
  0.500     2.60E-02
  0.600     8.73E-02
  0.700     2.18E-01
  0.800     4.66E-01
  0.900     9.28E-01
  1.000     1.79E+00
  1.250     8.17E+00
  1.500     2.75E+01
  1.750     6.91E+01
  2.000     1.40E+02
  2.500     3.81E+02
  3.000     7.49E+02
  3.500     1.21E+03
  4.000     1.75E+03
  5.000     2.89E+03
  6.000     4.09E+03
  7.000     5.24E+03
  8.000     6.41E+03
  9.000     7.63E+03
 10.000     8.77E+03
