  0.010     5.39E-25
  0.011     2.10E-23
  0.012     4.62E-22
  0.013     6.11E-21
  0.014     5.55E-20
  0.015     3.73E-19
  0.016     1.96E-18
  0.018     3.07E-17
  0.020     2.46E-16
  0.025     1.07E-14
  0.030     1.27E-13
  0.040     2.53E-12
  0.050     1.42E-11
  0.060     4.42E-11
  0.070     1.10E-10
  0.080     3.13E-10
  0.090     1.19E-09
  0.100     5.07E-09
  0.110     2.02E-08
  0.120     6.99E-08
  0.130     2.09E-07
  0.140     5.46E-07
  0.150     1.28E-06
  0.160     2.71E-06
  0.180     9.96E-06
  0.200     3.24E-05
  0.250     8.50E-04
  0.300     1.67E-02
  0.350     1.54E-01
  0.400     8.13E-01
  0.450     2.95E+00
  0.500     8.29E+00
  0.600     3.92E+01
  0.700     1.21E+02
  0.800     2.90E+02
  0.900     5.82E+02
  1.000     1.03E+03
  1.250     2.54E+03
  1.500     6.45E+03
  1.750     1.02E+04
  2.000     1.70E+04
  2.500     2.76E+04
  3.000     4.14E+04
  3.500     5.68E+04
  4.000     7.33E+04
  5.000     1.08E+05
  6.000     1.43E+05
  7.000     1.78E+05
  8.000     2.12E+05
  9.000     2.44E+05
 10.000     2.75E+05
