  0.100     1.94E-30
  0.110     3.14E-28
  0.120     5.07E-26
  0.130     1.93E-24
  0.140     7.34E-23
  0.150     1.18E-21
  0.160     1.89E-20
  0.180     1.79E-18
  0.200     8.80E-17
  0.250     1.60E-13
  0.300     2.69E-11
  0.350     1.05E-09
  0.400     1.63E-08
  0.450     1.18E-07
  0.500     8.60E-07
  0.600     1.92E-05
  0.700     2.33E-04
  0.800     2.85E-03
  0.900     1.58E-02
  1.000     8.73E-02
  1.250     1.50E+00 
  1.500     1.30E+01 
  1.750     7.04E+01 
  2.000     2.76E+02 
  2.500     2.55E+03 
  3.000     1.28E+04 
  3.500     4.44E+04 
  4.000     1.22E+05 
  5.000     5.70E+05 
  6.000     1.74E+06 
  7.000     4.02E+06 
  8.000     7.69E+06 
  9.000     1.29E+07 
 10.000     1.96E+07 
