  0.100     7.96E-27
  0.110     1.09E-25
  0.120     1.10E-24
  0.130     8.68E-24
  0.140     5.60E-23
  0.150     3.04E-22
  0.160     1.43E-21
  0.180     2.22E-20
  0.200     2.55E-19
  0.250     4.96E-16
  0.300     3.56E-13
  0.350     3.97E-11
  0.400     1.36E-09
  0.450     2.14E-08
  0.500     1.96E-07
  0.600     5.53E-06
  0.700     6.12E-05
  0.800     3.74E-04
  0.900     1.52E-03
  1.000     4.67E-03
  1.250     3.43E-02
  1.500     1.25E-01
  1.750     3.07E-01
  2.000     5.91E-01
  2.500     1.43E+00
  3.000     2.54E+00
  3.500     3.86E+00
  4.000     5.40E+00
  5.000     9.62E+00
  6.000     1.70E+01
  7.000     2.99E+01
  8.000     5.12E+01
  9.000     8.24E+01
 10.000     1.24E+02
