  0.009     4.52E-26
  0.010     6.73E-25
  0.011     7.14E-24
  0.012     5.77E-23
  0.013     3.73E-22
  0.014     2.01E-21
  0.015     9.29E-21
  0.016     3.76E-20
  0.018     4.47E-19
  0.020     3.82E-18
  0.025     3.83E-16
  0.030     2.17E-14
  0.040     6.54E-12
  0.050     2.13E-10
  0.060     2.14E-09
  0.070     1.12E-08
  0.080     4.06E-08
  0.090     1.25E-07
  0.100     3.89E-07
  0.110     1.28E-06
  0.120     4.12E-06
  0.130     1.21E-05
  0.140     3.17E-05
  0.150     7.41E-05
  0.160     1.57E-04
  0.180     5.43E-04
  0.200     1.46E-03
  0.250     8.24E-03
  0.300     2.52E-02
  0.350     5.78E-02
  0.400     1.28E-01
  0.450     3.11E-01
  0.500     7.90E-01
  0.600     4.12E+00
  0.700     1.45E+01
  0.800     3.74E+01
  0.900     7.75E+01
  1.000     1.38E+02
  1.250     3.75E+02
  1.500     7.06E+02
  1.750     1.08E+03
  2.000     1.45E+03
  2.500     2.11E+03
  3.000     2.58E+03
  3.500     3.22E+03
  4.000     3.79E+03
  5.000     4.99E+03
  6.000     6.33E+03
  7.000     7.96E+03
  8.000     9.79E+03
  9.000     1.19E+04
 10.000     1.41E+04
