  0.070     2.27E-24
  0.080     1.41E-22
  0.090     4.60E-21
  0.100     9.25E-20
  0.110     1.27E-18
  0.120     1.30E-17
  0.130     1.03E-16
  0.140     6.67E-16
  0.150     3.63E-15
  0.160     1.71E-14
  0.180     2.64E-13
  0.200     2.79E-12
  0.250     3.33E-10
  0.300     1.64E-08
  0.350     4.21E-07
  0.400     5.77E-06
  0.450     4.72E-05
  0.500     2.62E-04
  0.600     3.69E-03
  0.700     2.74E-02
  0.800     1.42E-01
  0.900     5.87E-01
  1.000     2.07E+00
  1.250     2.79E+01
  1.500     1.98E+02
  1.750     8.91E+02
  2.000     2.90E+03
  2.500     1.65E+04
  3.000     5.65E+04
  3.500     1.44E+05
  4.000     3.02E+05
  5.000     9.12E+05
  6.000     2.02E+06
  7.000     3.73E+06
  8.000     6.06E+06
  9.000     9.05E+06
 10.000     1.27E+07
