  0.008     8.42E-69
  0.009     1.68E-65
  0.010     3.40E-64
  0.011     3.00E-63
  0.012     1.90E-62
  0.013     1.00E-61
  0.014     6.06E-61
  0.015     6.01E-60
  0.016     3.10E-59
  0.018     1.09E-57
  0.020     5.87E-56
  0.025     7.27E-52
  0.030     3.85E-48
  0.040     1.78E-39
  0.050     2.75E-31
  0.060     3.26E-29
  0.070     1.79E-27
  0.080     1.77E-25
  0.090     1.14E-23
  0.100     1.20E-21
  0.110     2.05E-20
  0.120     2.21E-19
  0.130     1.68E-18
  0.140     9.59E-18
  0.150     4.38E-17
  0.160     1.67E-16
  0.170     5.46E-16
  0.180     1.59E-15
  0.200     1.02E-14
  0.250     5.84E-13
  0.300     5.53E-11
  0.350     2.70E-09
  0.400     5.68E-08
  0.450     6.21E-07
  0.500     4.19E-06
  0.600     7.21E-05
  0.700     5.37E-04
  0.800     2.37E-03
  0.900     7.48E-03
  1.000     1.87E-02
  1.250     1.04E-01
  1.500     5.93E-01
  1.750     1.55E+00
  2.000     3.87E+00
  2.500     1.32E+01
  3.000     3.26E+01
  3.500     6.64E+01
  4.000     1.15E+02
  5.000     2.77E+02
  6.000     5.43E+02
  7.000     9.25E+02
  8.000     1.40E+03
  9.000     2.00E+03
 10.000     2.70E+03
