  0.002     5.57E-25
  0.003     1.28E-23
  0.004     9.06E-23
  0.005     3.62E-22
  0.006     1.04E-21
  0.007     2.39E-21
  0.008     4.74E-21
  0.009     8.46E-21
  0.010     1.39E-20
  0.011     2.14E-20
  0.012     3.13E-20
  0.013     4.41E-20
  0.014     5.98E-20
  0.015     7.90E-20
  0.016     1.02E-19
  0.018     1.59E-19
  0.020     2.34E-19
  0.025     5.02E-19
  0.030     8.96E-19
  0.040     2.08E-18
  0.050     3.76E-18
  0.060     5.91E-18
  0.070     8.47E-18
  0.080     1.14E-17
  0.090     1.47E-17
  0.100     1.83E-17
  0.110     2.21E-17
  0.120     2.62E-17
  0.130     3.06E-17
  0.140     3.51E-17
  0.150     3.99E-17
  0.160     4.49E-17
  0.180     5.53E-17
  0.200     6.64E-17
  0.250     9.69E-17
  0.300     1.31E-16
  0.350     1.68E-16
  0.400     2.08E-16
  0.450     2.51E-16
  0.500     2.96E-16
  0.600     3.96E-16
  0.700     5.06E-16
  0.800     6.27E-16
  0.900     7.58E-16
  1.000     8.99E-16
  1.250     1.29E-15
  1.500     1.75E-15
  1.750     2.25E-15
  2.000     2.81E-15
  2.500     4.09E-15
  3.000     5.55E-15
  3.500     7.19E-15
  4.000     9.00E-15
  5.000     1.31E-14
  6.000     1.77E-14
  7.000     2.30E-14
  8.000     2.87E-14
  9.000     3.48E-14
 10.000     4.15E-14
