  0.003     1.65E-24
  0.004     9.08E-22
  0.005     8.02E-20
  0.006     2.44E-18
  0.007     3.71E-17
  0.008     3.50E-16
  0.009     2.33E-15
  0.010     1.19E-14
  0.011     4.94E-14
  0.012     1.74E-13
  0.013     5.36E-13
  0.014     1.48E-12
  0.015     3.71E-12
  0.016     8.61E-12
  0.018     3.81E-11
  0.020     1.37E-10
  0.025     1.76E-09
  0.030     1.23E-08
  0.040     2.06E-07
  0.050     1.52E-06
  0.060     6.90E-06
  0.070     2.30E-05
  0.080     6.20E-05
  0.090     1.43E-04
  0.100     2.93E-04
  0.110     5.47E-04
  0.120     9.49E-04
  0.130     1.55E-03
  0.140     2.42E-03
  0.150     3.61E-03
  0.160     5.21E-03
  0.180     9.94E-03
  0.200     1.73E-02
  0.250     5.23E-02
  0.300     1.21E-01
  0.350     2.35E-01
  0.400     4.06E-01
  0.450     6.44E-01
  0.500     9.58E-01
  0.600     1.86E+00
  0.700     3.18E+00
  0.800     5.03E+00
  0.900     7.46E+00
  1.000     1.05E+01
  1.250     2.10E+01
  1.500     3.49E+01
  1.750     5.14E+01
  2.000     6.97E+01
  2.500     1.09E+02
  3.000     1.51E+02
  3.500     1.93E+02
  4.000     2.37E+02
  5.000     3.31E+02
  6.000     4.33E+02
  7.000     5.45E+02
  8.000     6.68E+02
  9.000     8.02E+02
 10.000     9.43E+02
