  0.040     0.10E-98
  0.050     0.10E-98
  0.060     6.78E-26
  0.070     3.28E-24
  0.080     8.00E-23
  0.090     1.18E-21
  0.100     1.20E-20
  0.110     9.03E-20
  0.120     5.38E-19
  0.130     2.65E-18
  0.140     1.11E-17
  0.150     4.08E-17
  0.160     1.34E-16
  0.180     1.09E-15
  0.200     6.64E-15
  0.250     2.43E-13
  0.300     3.73E-12
  0.350     3.28E-11
  0.400     1.96E-10
  0.450     8.82E-10
  0.500     3.22E-09
  0.600     2.70E-08
  0.700     1.47E-07
  0.800     5.92E-07
  0.900     1.92E-06
  1.000     5.30E-06
  1.250     4.10E-05
  1.500     2.03E-04
  1.750     7.65E-04
  2.000     2.40E-03
  2.500     1.57E-02
  3.000     6.66E-02
  3.500     2.09E-01
  4.000     5.31E-01
  5.000     2.38E+00
  6.000     7.93E+00
  7.000     2.11E+01
  8.000     4.64E+01
  9.000     8.75E+01
 10.000     1.46E+02