  0.006     1.21E-24
  0.007     4.75E-23
  0.008     9.85E-22
  0.009     1.28E-20
  0.010     1.16E-19
  0.011     7.99E-19
  0.012     4.40E-18
  0.013     2.02E-17
  0.014     8.01E-17
  0.015     2.79E-16
  0.016     8.75E-16
  0.018     6.60E-15
  0.020     3.76E-14
  0.025     1.23E-12
  0.030     1.74E-11
  0.040     8.35E-10
  0.050     1.31E-08
  0.060     1.07E-07
  0.070     5.70E-07
  0.080     2.28E-06
  0.090     7.36E-06
  0.100     2.03E-05
  0.110     4.92E-05
  0.120     1.08E-04
  0.130     2.19E-04
  0.140     4.16E-04
  0.150     7.46E-04
  0.160     1.28E-03
  0.180     3.35E-03
  0.200     7.81E-03
  0.250     4.78E-02
  0.300     2.33E-01
  0.350     9.55E-01
  0.400     3.18E+00
  0.450     8.62E+00
  0.500     1.96E+01
  0.600     6.79E+01
  0.700     1.64E+02
  0.800     3.13E+02
  0.900     5.10E+02
  1.000     7.43E+02
  1.250     1.41E+03
  1.500     2.06E+03
  1.750     2.62E+03
  2.000     3.06E+03
  2.500     3.64E+03
  3.000     3.94E+03
  3.500     4.08E+03
  4.000     4.13E+03
  5.000     4.12E+03
  6.000     4.06E+03
  7.000     3.97E+03
  8.000     3.88E+03
  9.000     3.78E+03
 10.000     3.68E+03
