  0.007     2.34E-22
  0.008     4.86E-21
  0.009     6.32E-20
  0.010     5.76E-19
  0.011     3.98E-18
  0.012     2.20E-17
  0.013     1.02E-16
  0.014     4.02E-16
  0.015     1.41E-15
  0.016     4.41E-15
  0.018     3.32E-14
  0.020     1.89E-13
  0.025     6.17E-12
  0.030     8.77E-11
  0.040     4.18E-09
  0.050     6.49E-08
  0.060     5.25E-07
  0.070     2.78E-06
  0.080     1.10E-05
  0.090     3.52E-05
  0.100     9.60E-05
  0.110     2.31E-04
  0.120     5.01E-04
  0.130     1.00E-03
  0.140     1.88E-03
  0.150     3.33E-03
  0.160     5.61E-03
  0.180     1.42E-02
  0.200     3.18E-02
  0.250     1.63E-01
  0.300     6.10E-01
  0.350     1.98E+00
  0.400     5.97E+00
  0.450     1.66E+01
  0.500     4.14E+01
  0.600     1.80E+02
  0.700     5.32E+02
  0.800     1.20E+03
  0.900     2.24E+03
  1.000     3.66E+03
  1.250     8.53E+03
  1.500     1.44E+04
  1.750     2.04E+04
  2.000     2.58E+04
  2.500     3.46E+04
  3.000     4.06E+04
  3.500     4.46E+04
  4.000     4.74E+04
  5.000     5.10E+04
  6.000     5.35E+04
  7.000     5.55E+04
  8.000     5.71E+04
  9.000     5.84E+04
 10.000     5.93E+04
