  0.040  2.91E-24
  0.050  1.82E-21
  0.060  2.45E-19
  0.070  1.22E-17
  0.080  3.06E-16
  0.090  4.65E-15
  0.100  4.86E-14
  0.110  3.78E-13
  0.120  2.33E-12
  0.130  1.18E-11
  0.140  5.15E-11
  0.150  1.96E-10
  0.160  6.63E-10
  0.180  5.77E-09
  0.200  3.72E-08
  0.250  1.58E-06
  0.300  2.89E-05
  0.350  3.14E-04
  0.400  2.43E-03
  0.450  1.45E-02
  0.500  6.92E-02
  0.600  8.76E-01
  0.700  6.06E+00
  0.800  2.73E+01
  0.900  9.10E+01
  1.000  2.44E+02
  1.250  1.57E+03
  1.500  6.04E+03
  1.750  1.73E+04
  2.000  4.07E+04
  2.500  1.48E+05
  3.000  3.70E+05
  3.500  7.24E+05
  4.000  1.21E+06
  5.000  2.54E+06
  6.000  4.37E+06
  7.000  6.87E+06
  8.000  1.04E+07
  9.000  1.53E+07
 10.000  2.21E+07
