  0.009     1.03E-25
  0.010     1.78E-24
  0.011     2.28E-23
  0.012     2.20E-22
  0.013     1.68E-21
  0.014     1.05E-20
  0.015     5.52E-20
  0.016     2.53E-19
  0.018     3.72E-18
  0.020     3.76E-17
  0.025     3.88E-15
  0.030     1.33E-13
  0.040     2.27E-11
  0.050     8.72E-10
  0.060     1.41E-08
  0.070     1.30E-07
  0.080     8.13E-07
  0.090     3.95E-06
  0.100     1.65E-05
  0.110     6.40E-05
  0.120     2.33E-04
  0.130     7.83E-04
  0.140     2.43E-03
  0.150     6.92E-03
  0.160     1.83E-02
  0.180     1.08E-01
  0.200     5.12E-01
  0.250     1.09E+01
  0.300     9.26E+01
  0.350     4.26E+02
  0.400     1.33E+03
  0.450     3.17E+03
  0.500     6.33E+03
  0.600     1.77E+04
  0.700     3.64E+04
  0.800     6.38E+04
  0.900     1.01E+05
  1.000     1.50E+05
  1.250     3.36E+05
  1.500     6.47E+05
  1.750     1.12E+06
  2.000     1.79E+06
  2.500     3.88E+06
  3.000     7.21E+06
  3.500     1.19E+07
  4.000     1.79E+07
  5.000     3.29E+07
  6.000     5.03E+07
  7.000     6.74E+07
  8.000     8.40E+07
  9.000     9.88E+07
 10.000     1.11E+08
