  0.005  5.14E-25
  0.006  3.79E-23
  0.007  1.17E-21
  0.008  1.99E-20
  0.009  2.17E-19
  0.010  1.70E-18
  0.011  1.03E-17
  0.012  5.03E-17
  0.013  2.09E-16
  0.014  7.51E-16
  0.015  2.40E-15
  0.016  6.96E-15
  0.018  4.56E-14
  0.020  2.30E-13
  0.025  5.86E-12
  0.030  6.88E-11
  0.040  2.46E-09
  0.050  3.11E-08
  0.060  2.14E-07
  0.070  9.92E-07
  0.080  3.50E-06
  0.090  1.02E-05
  0.100  2.53E-05
  0.110  5.62E-05
  0.120  1.14E-04
  0.130  2.13E-04
  0.140  3.75E-04
  0.150  6.25E-04
  0.160  9.98E-04
  0.180  2.28E-03
  0.200  4.62E-03
  0.250  1.89E-02
  0.300  5.49E-02
  0.350  1.28E-01
  0.400  2.54E-01
  0.450  4.54E-01
  0.500  7.44E-01
  0.600  1.67E+00
  0.700  3.16E+00
  0.800  5.30E+00
  0.900  8.17E+00
  1.000  1.18E+01
  1.250  2.44E+01
  1.500  4.19E+01
  1.750  6.40E+01
  2.000  9.04E+01
  2.500  1.54E+02
  3.000  2.32E+02
  3.500  3.21E+02
  4.000  4.21E+02
  5.000  6.53E+02
  6.000  9.15E+02
  7.000  1.19E+03
  8.000  1.47E+03
  9.000  1.74E+03
 10.000  1.99E+03
