  0.003  2.80E-25
  0.004  5.55E-22
  0.005  1.22E-19
  0.006  7.48E-18
  0.007  1.99E-16
  0.008  2.98E-15
  0.009  2.93E-14
  0.010  2.09E-13
  0.011  1.17E-12
  0.012  5.34E-12
  0.013  2.08E-11
  0.014  7.08E-11
  0.015  2.15E-10
  0.016  5.95E-10
  0.018  3.59E-09
  0.020  1.68E-08
  0.025  3.71E-07
  0.030  3.91E-06
  0.040  1.19E-04
  0.050  1.35E-03
  0.060  8.49E-03
  0.070  3.68E-02
  0.080  1.23E-01
  0.090  3.40E-01
  0.100  8.13E-01
  0.110  1.74E+00
  0.120  3.41E+00
  0.130  6.21E+00
  0.140  1.07E+01
  0.150  1.74E+01
  0.160  2.71E+01
  0.180  5.96E+01
  0.200  1.17E+02
  0.250  4.50E+02
  0.300  1.24E+03
  0.350  2.79E+03
  0.400  5.40E+03
  0.450  9.42E+03
  0.500  1.52E+04
  0.600  3.30E+04
  0.700  6.10E+04
  0.800  1.01E+05
  0.900  1.53E+05
  1.000  2.19E+05
  1.250  4.46E+05
  1.500  7.60E+05
  1.750  1.16E+06
  2.000  1.64E+06
  2.500  2.83E+06
  3.000  4.30E+06
  3.500  6.01E+06
  4.000  7.92E+06
  5.000  1.22E+07
  6.000  1.70E+07
  7.000  2.21E+07
  8.000  2.73E+07
  9.000  3.27E+07
 10.000  3.80E+07
