  0.130     2.69E-26
  0.140     3.37E-25
  0.150     3.34E-24
  0.160     2.72E-23
  0.180     1.12E-21
  0.200     2.74E-20
  0.250     1.67E-17
  0.300     2.22E-15
  0.350     1.09E-13
  0.400     2.71E-12
  0.450     4.10E-11
  0.500     4.26E-10
  0.600     2.05E-08
  0.700     4.63E-07
  0.800     6.14E-06
  0.900     5.42E-05
  1.000     3.48E-04
  1.250     1.37E-02
  1.500     2.15E-01
  1.750     1.90E+00
  2.000     1.12E+01
  2.500     1.52E+02
  3.000     1.02E+03
  3.500     4.44E+03
  4.000     1.43E+04
  5.000     8.06E+04
  6.000     2.75E+05
  7.000     6.92E+05
  8.000     1.43E+06
  9.000     2.56E+06
 10.000     4.09E+06
