  0.010     4.78E-63
  0.020     2.86E-48
  0.030     4.41E-41
  0.040     1.44E-36
  0.050     2.52E-33
  0.060     1.04E-30
  0.070     1.78E-28
  0.080     1.85E-26
  0.090     6.06E-24
  0.100     1.42E-21
  0.110     1.34E-19
  0.120     5.90E-18
  0.130     1.44E-16
  0.140     2.20E-15
  0.150     2.33E-14
  0.160     1.82E-13
  0.180     5.53E-12
  0.200     8.33E-11
  0.250     1.05E-08
  0.300     2.50E-07
  0.350     2.33E-06
  0.400     1.21E-05
  0.450     4.28E-05
  0.500     1.17E-04
  0.600     5.46E-04
  0.700     1.97E-03
  0.800     6.92E-03
  0.900     2.36E-02
  1.000     7.23E-02
  1.250     6.44E-01
  1.500     2.89E+00
  1.750     8.42E+00
  2.000     1.86E+01
  2.500     5.51E+01
  3.000     1.11E+02
  3.500     1.81E+02
  4.000     2.59E+02
  5.000     4.13E+02
  6.000     5.48E+02
  7.000     6.54E+02
  8.000     7.31E+02
  9.000     7.84E+02
 10.000     8.18E+02