  0.007     3.63e-27
  0.008     1.04e-25
  0.009     1.74e-24
  0.010     1.99e-23
  0.011     1.66e-22
  0.012     1.09e-21
  0.013     5.82e-21
  0.014     2.64e-20
  0.015     1.04e-19
  0.016     3.64e-19
  0.018     3.33e-18
  0.020     2.23e-17
  0.025     9.91e-16
  0.030     1.76e-14
  0.040     1.12e-12
  0.050     2.09e-11
  0.060     1.89e-10
  0.070     1.07e-09
  0.080     4.41e-09
  0.090     1.44e-08
  0.100     3.95e-08
  0.110     9.55e-08
  0.120     2.13e-07
  0.130     4.64e-07
  0.140     1.03e-06
  0.150     2.42e-06
  0.160     5.75e-06
  0.180     2.97e-05
  0.200     1.23e-04
  0.250     1.67e-03
  0.300     9.32e-03
  0.350     3.09e-02
  0.400     7.41e-02
  0.450     1.44e-01
  0.500     2.40e-01
  0.600     5.06e-01
  0.700     8.46e-01
  0.800     1.25e+00
  0.900     1.74e+00
  1.000     2.40e+00
  1.250     5.64e+00
  1.500     1.31e+01
  1.750     2.68e+01
  2.000     4.80e+01
  2.500     1.16e+02
  3.000     2.24e+02
  3.500     3.76e+02
  4.000     5.71e+02
  5.000     1.06e+03
  6.000     1.63e+03
  7.000     2.20e+03
  8.000     2.76e+03
  9.000     3.28e+03
 10.000     3.77e+03
