  0.008     5.84E-25
  0.009     1.01E-23
  0.010     1.18E-22
  0.011     1.01E-21
  0.012     6.74E-21
  0.013     3.68E-20
  0.014     1.70E-19
  0.015     6.82E-19
  0.016     2.43E-18
  0.018     2.30E-17
  0.020     1.59E-16
  0.025     7.63E-15
  0.030     1.45E-13
  0.040     1.06E-11
  0.050     2.21E-10
  0.060     2.24E-09
  0.070     1.42E-08
  0.080     6.50E-08
  0.090     2.36E-07
  0.100     7.20E-07
  0.110     1.97E-06
  0.120     5.21E-06
  0.130     1.41E-05
  0.140     4.02E-05
  0.150     1.14E-04
  0.160     3.11E-04
  0.180     1.83E-03
  0.200     7.85E-03
  0.250     1.09E-01
  0.300     6.05E-01
  0.350     2.00E+00
  0.400     4.77E+00
  0.450     9.20E+00
  0.500     1.53E+01
  0.600     3.18E+01
  0.700     5.18E+01
  0.800     7.31E+01
  0.900     9.39E+01
  1.000     1.14E+02
  1.250     1.58E+02
  1.500     2.00E+02
  1.750     2.50E+02
  2.000     3.11E+02
  2.500     4.81E+02
  3.000     7.21E+02
  3.500     1.03E+03
  4.000     1.40E+03
  5.000     2.31E+03
  6.000     3.37E+03
  7.000     4.52E+03
  8.000     5.69E+03
  9.000     6.84E+03
 10.000     7.93E+03
