  0.005     6.59E-26
  0.006     1.14E-23
  0.007     7.04E-22
  0.008     2.11E-20
  0.009     3.73E-19
  0.010     4.43E-18
  0.011     3.86E-17
  0.012     2.63E-16
  0.013     1.46E-15
  0.014     6.85E-15
  0.015     2.80E-14
  0.016     1.01E-13
  0.018     9.87E-13
  0.020     7.02E-12
  0.025     3.60E-10
  0.030     7.30E-09
  0.040     5.95E-07
  0.050     1.38E-05
  0.060     1.53E-04
  0.070     1.05E-03
  0.080     5.20E-03
  0.090     2.03E-02
  0.100     6.65E-02
  0.110     1.90E-01
  0.120     4.87E-01
  0.130     1.14E+00
  0.140     2.49E+00
  0.150     5.13E+00
  0.160     1.00E+01
  0.180     3.38E+01
  0.200     9.91E+01
  0.250     9.00E+02
  0.300     4.76E+03
  0.350     1.70E+04
  0.400     4.58E+04
  0.450     1.00E+05
  0.500     1.90E+05
  0.600     4.97E+05
  0.700     9.92E+05
  0.800     1.66E+06
  0.900     2.50E+06
  1.000     3.47E+06
  1.250     6.38E+06
  1.500     9.88E+06
  1.750     1.39E+07
  2.000     1.82E+07
  2.500     2.71E+07
  3.000     3.57E+07
  3.500     4.32E+07
  4.000     4.93E+07
  5.000     5.84E+07
  6.000     6.40E+07
  7.000     6.76E+07
  8.000     6.98E+07
  9.000     7.12E+07
 10.000     7.19E+07
