  0.007     4.54E-25
  0.008     1.34E-23
  0.009     2.34E-22
  0.010     2.75E-21
  0.011     2.36E-20
  0.012     1.59E-19
  0.013     8.73E-19
  0.014     4.05E-18
  0.015     1.64E-17
  0.016     5.86E-17
  0.018     5.60E-16
  0.020     3.90E-15
  0.025     1.91E-13
  0.030     3.70E-12
  0.040     2.78E-10
  0.050     5.97E-09
  0.060     6.21E-08
  0.070     4.03E-07
  0.080     1.89E-06
  0.090     6.98E-06
  0.100     2.16E-05
  0.110     5.82E-05
  0.120     1.40E-04
  0.130     3.11E-04
  0.140     6.41E-04
  0.150     1.24E-03
  0.160     2.30E-03
  0.180     7.00E-03
  0.200     1.88E-02
  0.250     1.48E-01
  0.300     7.72E-01
  0.350     2.95E+00
  0.400     8.85E+00
  0.450     2.17E+01
  0.500     4.55E+01
  0.600     1.41E+02
  0.700     3.16E+02
  0.800     5.79E+02
  0.900     9.30E+02
  1.000     1.37E+03
  1.250     2.91E+03
  1.500     5.20E+03
  1.750     8.35E+03
  2.000     1.23E+04
  2.500     2.18E+04
  3.000     3.21E+04
  3.500     4.16E+04
  4.000     5.00E+04
  5.000     6.22E+04
  6.000     6.90E+04
  7.000     7.22E+04
  8.000     7.29E+04
  9.000     7.21E+04
 10.000     7.03E+04
