  0.030     4.57e-87      
  0.040     1.38e-66       
  0.050     2.89e-54        
  0.060     4.69e-46      
  0.070     3.38e-40       
  0.080     8.27e-36       
  0.090     2.13e-32   
  0.100     1.16e-29
  0.110     2.01e-27 
  0.120     1.51e-25
  0.130     5.97e-24
  0.140     1.42e-22
  0.150     2.24e-21
  0.160     2.54e-20 
  0.180     1.63e-18
  0.200     5.61e-17
  0.250     6.80e-14
  0.300     1.05e-11
  0.350     4.12e-10 
  0.400     6.83e-09
  0.450     6.64e-08
  0.500     4.81e-07
  0.600     1.59e-05
  0.700     3.09e-04 
  0.800     3.48e-03
  0.900     2.54e-02
  1.000     1.33e-01 
  1.250     3.06e+00 
  1.500     1.14e+01 
  1.750     7.06e+01 
  2.000     3.04e+02 
  2.500     2.85e+03 
  3.000     1.46e+04 
  3.500     5.16e+04  
  4.000     1.41e+05 
  5.000     6.34e+05 
  6.000     1.88e+06 
  7.000     4.23e+06  
  8.000     8.01e+06 
  9.000     1.33e+07 
 10.000     2.04e+07 