  0.070     2.27E-24
  0.080     1.41E-22
  0.090     4.60E-21
  0.100     2.52E-20
  0.110     3.24E-19
  0.120     3.00E-18
  0.130     2.22E-17
  0.140     1.38E-16
  0.150     7.30E-16
  0.160     3.40E-15
  0.170     1.42E-14
  0.180     5.30E-14
  0.200     5.58E-13
  0.250     7.30E-11
  0.300     5.78E-09
  0.350     2.15E-07
  0.400     3.54E-06
  0.450     3.23E-05
  0.500     1.94E-04
  0.600     3.08E-03
  0.700     2.59E-02
  0.800     1.55E-01
  0.900     7.56E-01
  1.000     3.13E+00
  1.250     2.79E+01
  1.500     1.98E+02
  1.750     8.91E+02
  2.000     2.90E+03
  2.500     1.65E+04
  3.000     5.65E+04
  3.500     1.44E+05
  4.000     3.02E+05
  5.000     9.12E+05
  6.000     2.02E+06
  7.000     3.73E+06
  8.000     6.06E+06
  9.000     9.05E+06
 10.000     1.27E+07