  0.140     1.41e-24
  0.150     6.80E-23
  0.160     2.04E-21
  0.180     6.14E-19
  0.200     6.08E-17
  0.250     2.66E-13
  0.300     8.36E-11
  0.350     6.07E-09
  0.400     1.74E-07
  0.450     2.61E-06
  0.500     2.41E-05
  0.600     7.53E-04
  0.700     9.76E-03
  0.800     7.18E-02
  0.900     3.58E-01
  1.000     1.36E+00
  1.250     1.75E+01
  1.500     1.20E+02
  1.750     5.69E+02
  2.000     2.07E+03
  2.500     1.50E+04
  3.000     6.26E+04
  3.500     1.83E+05
  4.000     4.25E+05
  5.000     1.47E+06
  6.000     3.58E+06
  7.000     7.03E+06
  8.000     1.18E+07
  9.000     1.83E+07
 10.000     2.64E+07
