  0.003     1.60E-24
  0.004     8.83E-22
  0.005     7.83E-20
  0.006     2.38E-18
  0.007     3.64E-17
  0.008     3.44E-16
  0.009     2.29E-15
  0.010     1.17E-14
  0.011     4.86E-14
  0.012     1.71E-13
  0.013     5.29E-13
  0.014     1.46E-12
  0.015     3.66E-12
  0.016     8.50E-12
  0.018     3.76E-11
  0.020     1.35E-10
  0.025     1.74E-09
  0.030     1.22E-08
  0.040     2.05E-07
  0.050     1.51E-06
  0.060     6.90E-06
  0.070     2.31E-05
  0.080     6.22E-05
  0.090     1.43E-04
  0.100     2.94E-04
  0.110     5.49E-04
  0.120     9.54E-04
  0.130     1.56E-03
  0.140     2.43E-03
  0.150     3.64E-03
  0.160     5.25E-03
  0.180     1.00E-02
  0.200     1.75E-02
  0.250     5.29E-02
  0.300     1.22E-01
  0.350     2.38E-01
  0.400     4.10E-01
  0.450     6.50E-01
  0.500     9.66E-01
  0.600     1.86E+00
  0.700     3.17E+00
  0.800     4.98E+00
  0.900     7.36E+00
  1.000     1.04E+01
  1.250     2.07E+01
  1.500     3.45E+01
  1.750     5.10E+01
  2.000     6.91E+01
  2.500     1.08E+02
  3.000     1.49E+02
  3.500     1.90E+02
  4.000     2.32E+02
  5.000     3.20E+02
  6.000     4.12E+02
  7.000     5.11E+02
  8.000     6.13E+02
  9.000     7.21E+02
 10.000     8.32E+02
