  0.010     1.20e-47	     
  0.020     1.47e-34	     
  0.030     2.95e-28 	     
  0.040     2.65e-24
  0.050     1.68e-21
  0.060     2.26e-19 
  0.070     1.13e-17
  0.080     2.81e-16
  0.090     4.25e-15
  0.100     4.41e-14
  0.110     3.40e-13
  0.120     2.07e-12
  0.130     1.05e-11
  0.140     4.50e-11
  0.150     1.70e-10
  0.160     5.71e-10
  0.180     4.93e-09
  0.200     3.18e-08
  0.250     1.38e-06
  0.300     2.65e-05 
  0.350     3.07e-04 
  0.400     2.50e-03
  0.450     1.54e-02
  0.500     7.41e-02
  0.600     9.29e-01
  0.700     6.25e+00
  0.800     2.73e+01
  0.900     8.76e+01
  1.000     2.44e+02
  1.250     1.60E+03
  1.500     6.02E+03
  1.750     1.81E+04
  2.000     4.09E+04
  2.500     1.46E+05
  3.000     3.71E+05
  3.500     7.46E+05
  4.000     1.22E+06
  5.000     2.53E+06
  6.000     4.39E+06
  7.000     6.83E+06
  8.000     1.05E+07
  9.000     1.54E+07
 10.000     2.21E+07