  0.004     2.72E-76
  0.005     5.18E-70
  0.006     3.20E-65
  0.007     2.14E-61
  0.008     3.06E-58
  0.009     1.42E-55
  0.010     2.82E-53
  0.011     2.88E-51
  0.012     1.73E-49
  0.013     6.71E-48
  0.014     1.82E-46
  0.015     3.66E-45
  0.016     5.70E-44
  0.018     7.31E-42
  0.020     4.79E-40
  0.025     2.08E-36
  0.030     1.47E-33
  0.040     3.91E-27
  0.050     7.88E-23
  0.060     5.57E-20
  0.070     5.82E-18
  0.080     1.85E-16
  0.090     2.68E-15
  0.100     2.23E-14
  0.110     1.25E-13
  0.120     5.17E-13
  0.130     1.70E-12
  0.140     4.71E-12
  0.150     1.13E-11
  0.160     2.40E-11
  0.180     8.37E-11
  0.200     2.23E-10
  0.250     1.26E-09
  0.300     4.22E-09
  0.350     2.26E-08
  0.400     3.81E-07
  0.450     5.11E-06
  0.500     4.22E-05
  0.600     9.82E-04
  0.700     9.02E-03
  0.800     4.64E-02
  0.900     1.63E-01
  1.000     4.37E-01
  1.250     2.50E+00
  1.500     7.80E+00
  1.750     1.75E+01
  2.000     3.24E+01
  2.500     7.93E+01
  3.000     1.48E+02
