  0.010     5.39E-34
  0.011     3.89E-32
  0.012     2.80E-30
  0.013     2.02E-28
  0.014     1.46E-26
  0.015     1.05E-24
  0.016     8.88E-24
  0.018     6.34E-22
  0.020     4.53E-20
  0.025     8.62E-18
  0.030     1.64E-15
  0.040     2.79E-13
  0.050     6.26E-12
  0.060     5.92E-11
  0.070     3.59E-10
  0.080     1.56E-09
  0.090     5.23E-09
  0.100     1.44E-08
  0.110     4.72E-08
  0.120     1.55E-07
  0.130     5.08E-07
  0.140     1.67E-06
  0.150     5.46E-06
  0.160     1.58E-05
  0.180     1.32E-04
  0.200     1.10E-03
  0.250     1.62E-02
  0.300     2.38E-01
  0.350     9.14E-01
  0.400     3.51E+00
  0.450     7.99E+00
  0.500     1.82E+01
  0.600     5.54E+01
  0.700     1.26E+02
  0.800     2.33E+02
  0.900     3.83E+02
  1.000     5.72E+02
  1.250     1.07E+03
  1.500     2.00E+03
  1.750     2.79E+03
  2.000     3.91E+03
  2.500     5.21E+03
  3.000     6.93E+03
  3.500     8.06E+03
  4.000     9.38E+03
  5.000     1.20E+04
  6.000     1.41E+04
  7.000     1.61E+04
  8.000     1.74E+04
  9.000     1.77E+04
 10.000     1.77E+04
