  0.010     1.35E-34
  0.011     9.57E-33
  0.012     6.79E-31
  0.013     4.81E-29
  0.014     3.41E-27
  0.015     2.42E-25
  0.016     2.04E-24
  0.018     1.46E-22
  0.020     1.04E-20
  0.025     1.91E-18
  0.030     3.50E-16
  0.040     6.41E-14
  0.050     1.40E-12
  0.060     1.26E-11
  0.070     7.27E-11
  0.080     3.07E-10
  0.090     1.11E-09
  0.100     2.96E-09
  0.110     9.60E-09
  0.120     3.11E-08
  0.130     1.01E-07
  0.140     3.27E-07
  0.150     1.06E-06
  0.160     2.97E-06
  0.180     2.32E-05
  0.200     1.82E-04
  0.250     2.81E-03
  0.300     4.33E-02
  0.350     1.76E-01
  0.400     7.18E-01
  0.450     1.72E+00
  0.500     4.11E+00
  0.600     1.38E+01
  0.700     3.42E+01
  0.800     6.86E+01
  0.900     1.20E+02
  1.000     1.89E+02
  1.250     3.88E+02
  1.500     7.98E+02
  1.750     1.17E+03
  2.000     1.73E+03
  2.500     2.29E+03
  3.000     3.04E+03
  3.500     3.58E+03
  4.000     4.22E+03
  5.000     5.34E+03
  6.000     6.25E+03
  7.000     7.08E+03
  8.000     7.74E+03
  9.000     7.91E+03
 10.000     7.98E+03
