  0.007     1.90E-26
  0.008     5.60E-25
  0.009     9.80E-24
  0.010     1.10E-22
  0.011     9.80E-22
  0.012     6.50E-21
  0.013     3.60E-20
  0.014     1.70E-19
  0.015     6.60E-19
  0.016     2.40E-18
  0.018     2.20E-17
  0.020     1.60E-16
  0.025     7.50E-15
  0.030     1.40E-13
  0.040     1.10E-11
  0.050     2.20E-10
  0.060     2.30E-09
  0.070     1.40E-08
  0.080     6.60E-08
  0.090     2.40E-07
  0.100     7.20E-07
  0.110     2.18E-06 
  0.120     5.56E-06 
  0.130     1.44E-05 
  0.140     3.93E-05 
  0.150     1.09E-04 
  0.160     2.92E-04 
  0.180     1.71E-03 
  0.200     7.41E-03 
  0.250     1.04E-01 
  0.300     5.84E-01 
  0.350     1.94E+00 
  0.400     4.67E+00 
  0.450     9.04E+00 
  0.500     1.51E+01 
  0.600     3.14E+01 
  0.700     5.05E+01 
  0.800     7.09E+01 
  0.900     9.04E+01 
  1.000     1.08E+02 
  1.250     1.45E+02 
  1.500     1.74E+02 
  1.750     2.02E+02 
  2.000     2.35E+02 
  2.500     3.23E+02 
  3.000     4.54E+02 
  3.500     6.38E+02 
  4.000     8.81E+02 
  5.000     1.52E+03 
  6.000     2.27E+03 
  7.000     3.06E+03 
  8.000     3.80E+03 
  9.000     4.46E+03 
 10.000     5.03E+03 
