  0.080     2.68E-25
  0.090     2.94E-23
  0.100     2.41E-21
  0.110     9.54E-20
  0.120     2.05E-18
  0.130     2.73E-17
  0.140     2.50E-16
  0.150     1.71E-15
  0.160     9.36E-15
  0.180     1.74E-13
  0.200     2.22E-12
  0.250     4.47E-10
  0.300     2.29E-08
  0.350     4.36E-07
  0.400     4.25E-06
  0.450     2.58E-05
  0.500     1.11E-04
  0.600     9.98E-04
  0.700     4.77E-03
  0.800     1.54E-02
  0.900     3.97E-02
  1.000     8.99E-02
  1.250     5.59E-01
  1.500     2.65E+00
  1.750     9.00E+00
  2.000     2.31E+01
  2.500     8.67E+01
  3.000     2.08E+02
  3.500     3.85E+02
  4.000     6.10E+02
  5.000     1.16E+03
  6.000     1.78E+03
  7.000     2.40E+03
  8.000     3.00E+03
  9.000     3.55E+03
 10.000     4.05E+03
