  0.010     1.66E-32
  0.011     1.79E-31
  0.012     1.93E-30
  0.013     2.08E-29
  0.014     2.24E-28
  0.015     2.42E-27
  0.016     1.08E-26
  0.018     2.15E-25
  0.020     4.29E-24
  0.025     4.66E-22
  0.030     5.07E-20
  0.040     1.16E-16
  0.050     1.78E-13
  0.060     2.50E-11
  0.070     8.31E-10
  0.080     1.12E-08
  0.090     8.28E-08
  0.100     4.06E-07
  0.110     1.19E-06
  0.120     3.48E-06
  0.130     1.02E-05
  0.140     2.97E-05
  0.150     8.70E-05
  0.160     2.15E-04
  0.180     1.30E-03
  0.200     7.92E-03
  0.250     9.63E-02
  0.300     1.17E+00
  0.350     3.92E+00
  0.400     1.31E+01
  0.450     2.62E+01
  0.500     5.25E+01
  0.600     1.28E+02
  0.700     2.39E+02
  0.800     3.82E+02
  0.900     5.53E+02
  1.000     7.51E+02
  1.250     1.28E+03
  1.500     2.18E+03
  1.750     3.07E+03
  2.000     4.34E+03
  2.500     6.57E+03
  3.000     9.95E+03
  3.500     1.17E+04
  4.000     1.39E+04
  5.000     1.73E+04
  6.000     2.01E+04
  7.000     2.23E+04
  8.000     2.31E+04
  9.000     2.26E+04
 10.000     2.07E+04
