  0.010     5.52e-79     
  0.011     2.58e-75      
  0.012     2.93e-72      
  0.013     1.12e-69       
  0.014     1.81e-67      
  0.015     1.48e-65       
  0.016     6.93e-64       
  0.018     4.16e-61      
  0.020     6.83e-59      
  0.025     9.65e-55       
  0.030     3.94e-49       
  0.040     4.00e-41       
  0.050     2.76e-36       
  0.060     4.78e-33       
  0.070     9.84e-31       
  0.080     5.64e-29      
  0.090     1.72e-27       
  0.100     4.26e-26
  0.110     8.38e-25 
  0.120     1.44e-23
  0.130     2.11e-22
  0.140     2.62e-21
  0.150     2.63e-20
  0.160     2.07e-19
  0.180     7.02e-18
  0.200     1.33e-16
  0.250     6.42e-14 
  0.300     8.60e-12
  0.350     3.23e-10
  0.400     4.90e-09
  0.450     3.99e-08
  0.500     2.11e-07
  0.600     2.49e-06 
  0.700     1.42e-05
  0.800     5.31e-05 
  0.900     1.55e-04
  1.000     3.85e-04
  1.250     2.55e-03
  1.500     1.79e−02
  1.750     9.45E-02
  2.000     3.70E-01
  2.500     3.15E+00
  3.000     1.53E+01
  3.500     5.17E+01
  4.000     1.36E+02
  5.000     5.82E+02
  6.000     1.64E+03
  7.000     3.59E+03
  8.000     6.62E+03
  9.000     1.07E+04
 10.000     1.60E+04