  0.010     6.73E-25
  0.011     7.10E-24
  0.012     5.71E-23
  0.013     3.68E-22
  0.014     1.97E-21
  0.015     9.06E-21
  0.016     3.65E-20
  0.018     4.30E-19
  0.020     3.59E-18
  0.025     2.50E-16
  0.030     6.32E-15
  0.040     6.89E-13
  0.050     1.91E-11
  0.060     2.39E-10
  0.070     1.79E-09
  0.080     9.37E-09
  0.090     3.78E-08
  0.100     1.26E-07
  0.110     3.57E-07
  0.120     9.01E-07
  0.130     2.06E-06
  0.140     4.32E-06
  0.150     8.48E-06
  0.160     1.57E-05
  0.180     4.65E-05
  0.200     1.18E-04
  0.250     7.57E-04
  0.300     3.09E-03
  0.350     9.44E-03
  0.400     2.36E-02
  0.450     5.09E-02
  0.500     9.84E-02
  0.600     2.90E-01
  0.700     6.83E-01
  0.800     1.38E+00
  0.900     2.49E+00
  1.000     4.13E+00
  1.250     1.13E+01
  1.500     2.42E+01
  1.750     4.40E+01
  2.000     7.19E+01
  2.500     1.54E+02
  3.000     2.73E+02
  3.500     4.30E+02
  4.000     6.24E+02
  5.000     1.12E+03
  6.000     1.75E+03
  7.000     2.49E+03
  8.000     3.37E+03
  9.000     4.36E+03
 10.000     5.48E+03
