  0.007     8.32E-25
  0.008     4.13E-23
  0.009     8.85E-22
  0.010     1.05E-20
  0.011     8.34E-20
  0.012     5.00E-19
  0.013     2.48E-18
  0.014     1.08E-17
  0.015     4.31E-17
  0.016     1.58E-16
  0.018     1.71E-15
  0.020     1.40E-14
  0.025     9.94E-13
  0.030     2.61E-11
  0.040     3.07E-09
  0.050     1.01E-07
  0.060     2.91E-06
  0.070     7.93E-05
  0.080     1.17E-03
  0.090     9.63E-03
  0.100     5.19E-02
  0.110     2.04E-01
  0.120     6.30E-01
  0.130     1.62E+00
  0.140     3.62E+00
  0.150     7.22E+00
  0.160     1.31E+01
  0.180     3.50E+01
  0.200     7.57E+01
  0.250     2.90E+02
  0.300     6.91E+02
  0.350     1.29E+03
  0.400     2.14E+03
  0.450     3.45E+03
  0.500     5.70E+03
  0.600     1.72E+04
  0.700     5.09E+04
  0.800     1.31E+05
  0.900     2.89E+05
  1.000     5.58E+05
  1.250     1.87E+06
  1.500     4.20E+06
  1.750     7.39E+06
  2.000     1.11E+07
  2.500     1.91E+07
  3.000     2.65E+07
  3.500     3.27E+07
  4.000     3.79E+07
  5.000     4.53E+07
  6.000     5.10E+07
  7.000     5.62E+07
  8.000     6.16E+07
  9.000     6.75E+07
 10.000     7.30E+07
