  0.007     8.01E-28
  0.008     4.00E-26
  0.009     8.54E-25
  0.010     1.01E-23
  0.011     7.84E-23
  0.012     4.59E-22
  0.013     2.21E-21
  0.014     9.39E-21
  0.015     3.64E-20
  0.016     1.31E-19
  0.018     1.39E-18
  0.020     1.13E-17
  0.025     8.24E-16
  0.030     2.30E-14
  0.040     5.39E-12
  0.050     4.75E-10
  0.060     2.07E-08
  0.070     5.55E-07
  0.080     7.81E-06
  0.090     6.28E-05
  0.100     3.32E-04
  0.110     1.28E-03
  0.120     3.93E-03
  0.130     1.00E-02
  0.140     2.23E-02
  0.150     4.40E-02
  0.160     7.96E-02
  0.180     2.10E-01
  0.200     4.87E-01
  0.250     1.68E+00
  0.300     3.85E+00
  0.350     6.74E+00
  0.400     1.00E+01
  0.450     1.34E+01
  0.500     1.69E+01
  0.600     2.36E+01
  0.700     3.11E+01
  0.800     4.20E+01
  0.900     5.97E+01
  1.000     8.81E+01
  1.250     2.28E+02
  1.500     4.89E+02
  1.750     8.67E+02
  2.000     1.32E+03
  2.500     2.71E+03
  3.000     4.62E+03
  3.500     7.03E+03
  4.000     9.76E+03
  5.000     1.62E+04
  6.000     2.31E+04
  7.000     2.99E+04
  8.000     3.66E+04
  9.000     4.26E+04
 10.000     4.73E+04
