  0.010     2.42E-62
  0.020     3.22E-48
  0.030     2.89E-41
  0.040     2.72E-34
  0.050     4.99E-30
  0.060     3.15E-27
  0.070     2.98E-25
  0.080     8.84E-24
  0.090     1.69E-22
  0.100     5.25E-21
  0.110     1.91E-19
  0.120     5.14E-18
  0.130     8.74E-17
  0.140     9.94E-16
  0.150     8.17E-15
  0.160     5.15E-14
  0.180     1.11E-12
  0.200     1.35E-11
  0.250     1.57E-09
  0.300     5.35E-08
  0.350     8.01E-07
  0.400     6.51E-06
  0.450     3.38E-05
  0.500     1.27E-04
  0.600     9.24E-04
  0.700     3.76E-03
  0.800     1.06E-02
  0.900     2.35E-02
  1.000     4.42E-02
  1.250     1.40E-01
  1.500     3.33E-01
  1.750     7.13E-01
  2.000     1.48E+00
  2.500     7.62E+00
  3.000     2.75E+01
  3.500     7.68E+01
  4.000     1.77E+02
  5.000     6.32E+02
  6.000     1.57E+03
  7.000     3.07E+03
  8.000     5.10E+03
  9.000     7.53E+03
 10.000     1.11E+04