#
#             1 NI 56 
#                 +      
#             0 OOOOO
#                 =      
#             0 OOOOO
#                 +      
#             1 CO 56 
#
#Qrad(MeV)       1.469
#Qnu (MeV)       0.666
#Type/Ne(cm-3)       +
#
#       T8
#
     0.0100 3.1623E-28
     0.0200 3.1623E-28
     0.0300 3.1623E-28
     0.0400 3.1623E-28
     0.0500 3.1623E-28
     0.0600 3.1623E-28
     0.0700 3.1623E-28
     0.0800 3.1623E-28
     0.0900 3.1623E-28
     0.1000 3.1623E-28
     0.1100 4.2440E-28
     0.1200 5.6958E-28
     0.1300 7.6442E-28
     0.1400 1.0259E-27
     0.1500 1.3769E-27
     0.1600 1.8478E-27
     0.1800 3.3283E-27
     0.2000 5.9948E-27
     0.2500 2.6102E-26
     0.3000 1.1365E-25
     0.4000 2.1544E-24
     0.5000 4.0842E-23
     0.6000 7.7426E-22
     0.7000 1.4678E-20
     0.8000 2.7826E-19
     0.9000 5.2750E-18
     1.0000 1.0000E-16
     1.1000 2.2192E-16
     1.2000 4.9249E-16
     1.3000 1.0929E-15
     1.4000 2.4255E-15
     1.5000 5.3827E-15
     1.6000 1.1945E-14
     1.8000 5.8830E-14
     2.0000 2.8973E-13
     2.5000 2.1257E-12
     3.0000 1.5596E-11
     3.5000 1.1442E-10
     4.0000 8.3946E-10
     4.5000 2.4538E-09
     5.0000 7.1724E-09
     6.0000 6.1282E-08
     7.0000 5.2360E-07
     8.0000 2.0543E-06
     9.0000 8.0600E-06
    10.0000 3.1623E-05
    12.5000 3.2546E-04
    15.0000 3.3497E-03
    17.5000 1.7519E-02
    20.0000 9.1622E-02
    25.0000 9.4297E-01
    30.0000 9.7051E+00
    35.0000 4.2145E+01
    40.0000 1.8302E+02
    50.0000 3.4514E+03
    60.0000 1.6998E+04
    70.0000 8.3714E+04
    80.0000 4.1229E+05
    90.0000 2.0305E+06
   100.0000 1.0000E+07
